                    GeneralizedPoisson Regression Results                     
==============================================================================
Dep. Variable:                 Points   No. Observations:                  544
Model:             GeneralizedPoisson   Df Residuals:                      482
Method:                           MLE   Df Model:                           61
Date:                Mon, 06 Jan 2025   Pseudo R-squ.:                 0.05141
Time:                        10:00:23   Log-Likelihood:                -1947.0
converged:                       True   LL-Null:                       -2052.5
Covariance Type:            nonrobust   LLR p-value:                 2.095e-18
=======================================================================================
                          coef    std err          z      P>|z|      [0.025      0.975]
---------------------------------------------------------------------------------------
const                   0.7178      0.119      6.047      0.000       0.485       0.950
Team_49ers              0.0867      0.119      0.727      0.467      -0.147       0.320
Team_Bears             -0.2258      0.129     -1.756      0.079      -0.478       0.026
Team_Bengals            0.2631      0.110      2.391      0.017       0.047       0.479
Team_Bills              0.3751      0.108      3.478      0.001       0.164       0.586
Team_Broncos            0.0519      0.115      0.450      0.653      -0.174       0.278
Team_Browns            -0.4954      0.136     -3.652      0.000      -0.761      -0.230
Team_Buccaneers         0.2495      0.110      2.263      0.024       0.033       0.466
Team_Cardinals          0.1375      0.118      1.165      0.244      -0.094       0.369
Team_Chargers           0.0634      0.115      0.550      0.582      -0.163       0.289
Team_Chiefs             0.1256      0.117      1.072      0.284      -0.104       0.355
Team_Colts             -0.0170      0.117     -0.145      0.885      -0.246       0.212
Team_Commanders         0.2832      0.110      2.578      0.010       0.068       0.498
Team_Cowboys           -0.1192      0.120     -0.994      0.320      -0.354       0.116
Team_Dolphins          -0.1603      0.124     -1.290      0.197      -0.404       0.083
Team_Eagles             0.1591      0.111      1.433      0.152      -0.059       0.377
Team_Falcons            0.1112      0.117      0.949      0.343      -0.118       0.341
Team_Giants            -0.4108      0.135     -3.038      0.002      -0.676      -0.146
Team_Jaguars           -0.1029      0.124     -0.833      0.405      -0.345       0.139
Team_Jets                    0        nan        nan        nan         nan         nan
Team_Lions              0.4402      0.106      4.154      0.000       0.232       0.648
Team_Packers            0.2843      0.111      2.565      0.010       0.067       0.502
Team_Panthers          -0.1699      0.125     -1.354      0.176      -0.416       0.076
Team_Patriots          -0.2330      0.127     -1.829      0.067      -0.483       0.017
Team_Raiders           -0.1783      0.123     -1.444      0.149      -0.420       0.064
Team_Rams               0.0766      0.121      0.635      0.525      -0.160       0.313
Team_Ravens             0.3525      0.108      3.279      0.001       0.142       0.563
Team_Saints            -0.1857      0.126     -1.469      0.142      -0.434       0.062
Team_Seahawks       -1.951e-17      0.118  -1.66e-16      1.000      -0.231       0.231
Team_Steelers                0        nan        nan        nan         nan         nan
Team_Texans            -0.0730      0.118     -0.616      0.538      -0.305       0.159
Team_Titans            -0.2043      0.123     -1.660      0.097      -0.446       0.037
Team_Vikings            0.1236      0.114      1.083      0.279      -0.100       0.347
Opponent_49ers          0.1014      0.130      0.783      0.434      -0.153       0.355
Opponent_Bears         -0.0993      0.135     -0.734      0.463      -0.364       0.166
Opponent_Bengals        0.1772      0.136      1.300      0.194      -0.090       0.444
Opponent_Bills          0.0065      0.138      0.047      0.963      -0.263       0.276
Opponent_Broncos       -0.3549      0.151     -2.348      0.019      -0.651      -0.059
Opponent_Browns        -0.0268      0.135     -0.198      0.843      -0.292       0.238
Opponent_Buccaneers     0.0116      0.137      0.084      0.933      -0.258       0.281
Opponent_Cardinals           0        nan        nan        nan         nan         nan
Opponent_Chargers      -0.2154      0.148     -1.457      0.145      -0.505       0.074
Opponent_Chiefs        -0.0896      0.143     -0.626      0.531      -0.370       0.191
Opponent_Colts          0.0664      0.133      0.498      0.618      -0.195       0.328
Opponent_Commanders     0.1240      0.138      0.898      0.369      -0.147       0.395
Opponent_Cowboys        0.0813      0.133      0.610      0.542      -0.180       0.343
Opponent_Dolphins      -0.0048      0.136     -0.036      0.972      -0.272       0.262
Opponent_Eagles        -0.2090      0.147     -1.422      0.155      -0.497       0.079
Opponent_Falcons        0.1506      0.137      1.098      0.272      -0.118       0.420
Opponent_Giants         0.0863      0.136      0.636      0.525      -0.180       0.352
Opponent_Jaguars        0.1577      0.134      1.178      0.239      -0.105       0.420
Opponent_Jets           0.0738      0.136      0.544      0.586      -0.192       0.340
Opponent_Lions         -0.1631      0.141     -1.158      0.247      -0.439       0.113
Opponent_Packers       -0.1363      0.140     -0.973      0.330      -0.411       0.138
Opponent_Panthers       0.3002      0.131      2.286      0.022       0.043       0.558
Opponent_Patriots       0.1012      0.135      0.751      0.452      -0.163       0.365
Opponent_Raiders        0.0573      0.136      0.421      0.673      -0.209       0.324
Opponent_Rams          -0.0079      0.136     -0.058      0.954      -0.275       0.259
Opponent_Ravens        -0.1181      0.142     -0.831      0.406      -0.396       0.160
Opponent_Saints         0.0506      0.137      0.369      0.712      -0.219       0.320
Opponent_Seahawks      -0.1920      0.138     -1.388      0.165      -0.463       0.079
Opponent_Steelers      -0.1468      0.144     -1.017      0.309      -0.430       0.136
Opponent_Texans        -0.0855      0.136     -0.629      0.530      -0.352       0.181
Opponent_Titans         0.1546      0.130      1.187      0.235      -0.101       0.410
Opponent_Vikings       -0.1819      0.138     -1.314      0.189      -0.453       0.089
alpha                   0.8818      0.062     14.146      0.000       0.760       1.004
=======================================================================================